#notes:light.gg rank "B/C/D/F"
dimwishlist:item=-3110377595&perks=4090651448,1087426260,968510818,4104185692
dimwishlist:item=-3110377595&perks=4090651448,1431678320,1428297954,3511092054
dimwishlist:item=-3110377595&perks=839105230,3230963543,691659142,4082225868
dimwishlist:item=-3110377595&perks=1392496348,2420895100,2846385770,2458213969
dimwishlist:item=-3110377595&perks=839105230,2420895100,1570042021,3511092054
dimwishlist:item=-3110377595&perks=1840239774,1087426260,1570042021,1546637391
dimwishlist:item=-3110377595&perks=839105230,1885400500,3523296417,3511092054
dimwishlist:item=-3110377595&perks=4090651448,1087426260,2846385770,3425386926
dimwishlist:item=-3110377595&perks=4090651448,1431678320,1570042021,3425386926
dimwishlist:item=-3110377595&perks=4090651448,1431678320,2846385770,4082225868
dimwishlist:item=-3110377595&perks=839105230,1431678320,2846385770,4082225868
dimwishlist:item=-3110377595&perks=839105230,1087426260,2946784966,588594999
dimwishlist:item=-3110377595&perks=839105230,1431678320,1570042021,588594999
dimwishlist:item=-3110377595&perks=3661387068,2420895100,1570042021,588594999
dimwishlist:item=-3110377595&perks=3661387068,2420895100,1570042021,588594999
dimwishlist:item=-3110377595&perks=3250034553,1087426260,2946784966,460017080
dimwishlist:item=-3110377595&perks=1840239774,1087426260,3523296417,588594999
dimwishlist:item=-3110377595&perks=1467527085,3230963543
dimwishlist:item=-1389546626&perks=202670084,1431678320,588594999,1015611457,1702976605
dimwishlist:item=-1389546626&perks=3661387068,3142289711,2866798147,1015611457,1702976605
dimwishlist:item=-1389546626&perks=1467527085,1087426260,1365187766,831391274,1702976605
dimwishlist:item=-1389546626&perks=839105230,3177308360,2866798147,1015611457,1702976605
dimwishlist:item=-1389546626&perks=1467527085,106909392
dimwishlist:item=-2496875173&perks=3250034553,106909392,1359896290,3108830275,4091460919
dimwishlist:item=-2496875173&perks=4090651448,2420895100,3436462433,3511092054,4091460919
dimwishlist:item=-2496875173&perks=839105230,3142289711,1354429876,2726471870,4091460919
dimwishlist:item=-2496875173&perks=3661387068,3142289711,3436462433,4104185692,4091460919
dimwishlist:item=-2496875173&perks=4090651448,1431678320,1195158366,4104185692,4091460919
dimwishlist:item=-1456017061&perks=1261178282,3625355092,3592538738,3913600130